Date,Temperature,Weather,Wind Speed,Humidity
2022-05-23T00:00,19.1,,-9.25596e+61,-858993460
2022-05-23T01:00,20.4,,-9.25596e+61,-858993460
2022-05-23T02:00,22.3,,-9.25596e+61,-858993460
2022-05-23T03:00,23.6,,-9.25596e+61,-858993460
2022-05-23T04:00,24.9,,-9.25596e+61,-858993460
2022-05-23T05:00,26.7,,-9.25596e+61,-858993460
2022-05-23T06:00,27.2,,-9.25596e+61,-858993460
2022-05-23T07:00,28.8,,-9.25596e+61,-858993460
2022-05-23T08:00,28.4,,-9.25596e+61,-858993460
2022-05-23T09:00,29,,-9.25596e+61,-858993460
2022-05-23T10:00,26.4,,-9.25596e+61,-858993460
2022-05-23T11:00,26.8,,-9.25596e+61,-858993460
2022-05-23T12:00,28.3,,-9.25596e+61,-858993460
2022-05-23T13:00,26.5,,-9.25596e+61,-858993460
2022-05-23T14:00,24.8,,-9.25596e+61,-858993460
2022-05-23T15:00,24.1,,-9.25596e+61,-858993460
2022-05-23T16:00,23.2,,-9.25596e+61,-858993460
2022-05-23T17:00,21.9,,-9.25596e+61,-858993460
2022-05-23T18:00,21,,-9.25596e+61,-858993460
2022-05-23T19:00,19.3,,-9.25596e+61,-858993460
2022-05-23T20:00,20.6,,-9.25596e+61,-858993460
2022-05-23T21:00,17.7,,-9.25596e+61,-858993460
2022-05-23T22:00,17,,-9.25596e+61,-858993460
2022-05-23T23:00,18.4,,-9.25596e+61,-858993460
